0000017313
0000313116
0000748268
0000817473
0000878932
1200934
1090870
1107809
936404
1140298
1136725
1161647
1105413
1104673
1132686
54175
1040415
1317683
1363533
1137587
1190711
1120210
1329549
937969
313116
1160598
1373641
1359272
1140299
1321560
1363890
1111391
1110737
1294345
1128949
1279740
1471039
1271808
1404641
1366823
1327557
1064015
1107998
1515173
1133901
1221483
1376067
1462441
1491925
912844
1430415
1095133
1141299
1606657
1123312
1490013
1118974
1425883
817473
893739
1599750
1598893
1444706
1561528
1482199
1609336
1527385
1370754
1581934
1494538
1614173
1578620
1719606
1297704
1579412
1509892
1099941
1577791
1445175
1525759
1557424
1559909
1523526
1508171
1617572
1464963
1308569
1326003
1490927
1347652
1158420
748268
1281845
878932
845385
1259429
1287032
1425355
1495584
1501729
1514183
1521945
1535778
1550913
1578348
1588272
1603480
1106838
1950803
1965934
1973476
1975736
1989817
1377936
81955
1000209
1143513
1278752
1280784
1287750
1370755
1372807
1379785
1383414
1396440
1414932
1418076
1422183
1476765
1487428
1487918
1490349
1496099
1504619
1508655
1509470
1512931
1513363
1534254
1544206
1551901
1552198
1571329
1572694
1577134
1580345
1587987
1784700
1786108
1901037
1901606
1901612
1919369
1950572
1950976
1955010
1999538